month,temperature
Jan,-4.44
Feb,-3.5
Mar,4.89
Apr,11.78
May,18.0
Jun,23.67
Jul,26.5
Aug,26.83
Sep,21.5
Oct,13.72
Nov,7.28
Dec,1.89
