month,temperature
Jan,-17.56
Feb,-16.83
Mar,-10.78
Apr,-5.0
May,3.94
Jun,9.33
Jul,10.67
Aug,9.11
Sep,5.11
Oct,-7.28
Nov,-12.44
Dec,-14.44
